26976
56959
49108
25020
42425
17771
53510
21236
51303
16484
42143
53591
56252
40699
34310
39050
52238
18195
26615
20082
45577
44514
51722
46929
46063
18578
22785
56232
41326
28536
32191
16811
51106
25918
47253
53774
34489
44070
51678
21342
16261
24090
16389
20564
36282
30726
25434
19669
23649
18796
42155
16752
23066
56220
46186
25946
17464
26281
41587
52852
49117
36666
20685
46672
49680
26074
52609
19472
44184
52906
50498
30034
33141
47864
30493
49592
26156
24072
47532
55654
50516
24676
29539
25707
50367
57487
56848
30616
57379
27235
24268
18097
34497
57358
45770
30518
35086
26969
52726
50856
22287
20712
24436
48349
18616
40967
56765
52568
30523
29689
16728
37294
22434
48172
51322
43051
35923
55204
45673
57009
17184
45032
54921
18798
38014
54873
55258
32517
54529
30744
22009
55381
28411
49607
55996
53446
54505
31881
35126
20528
43189
51044
45306
52851
28136
39403
29046
37467
37997
54328
32927
37080
25560
35106
18745
20904
54914
16888
49843
40498
39838
28941
57328
34962
26756
27556
16659
42258
45610
39726
42476
54664
41697
44458
55982
51467
33009
56661
40365
38101
20819
19222
20347
46714
31453
25468
32323
57314
17602
24044
39820
55588
34222
55541
30037
41598
19119
54442
19407
52087
46496
42816
32348
23027
18317
32660
46809
42876
22142
36101
18304
54502
30441
39472
16094
44915
18583
42502
49014
36906
52682
27997
37203
39520
50712
23699
31687
56370
32263
34987
30725
43789
34494
19550
31820
24095
56962
56799
29128
47416
48619
22824
21646
26992
48276
56409
47248
45732
50859
30898
27795
50644
22890
38928
25035
56465
54827
43505
54343
21221
38625
27344
19546
27550
40184
23380
36092
18971
17434
37756
44920
27776
31164
28034
53365
20283
17364
33408
41356
45687
23406
36705
53537
30104
23325
52260
17478
46885
40149
18926
46448
27672
42839
24199
52156
52892
28725
56529
50958
49500
36278
40876
42172
41174
38515
17741
19167
41975
24938
18633
50137
47819
25367
49728
27557
50731
30038
34941
43797
47978
57321
41426
23604
45763
47899
35230
44132
51277
54307
23935
34615
22015
31254
26042
34467
51342
44370
47257
51692
51764
54268
17778
33048
56672
49395
36469
34442
26786
22333
38905
51011
40241
53357
19132
18846
54381
19548
39269
34047
24106
47468
25394
20339
21023
39448
35060
32440
26818
36765
43365
56702
33091
26744
21980
49809
28632
41949
37185
54259
31383
32559
35650
40735
51468
56947
16489
38265
49420
30717
18506
49532
31712
55981
16179
20631
40118
20168
26041
34206
25989
38011
23222
44837
39119
52239
46992
37143
26570
39776
42736
53506
40369
23932
51787
53068
37835
21938
23115
33579
34927
28261
37766
27185
21537
27644
24868
20420
45230
24597
16262
35003
19292
47149
38443
36993
38863
32163
42533
25045
25683
23379
29497
45806
27241
52543
29224
41051
18880
37101
20154
55005
42241
24629
38350
18292
49436
21761
30826
48879
34924
47897
29351
57094
27204
18113
34200
47138
23003
48971
27221
37183
26860
54686
51933
42235
45122
54076
38682
40790
38340
41749
22793
43931
49771
53283
30165
35797
40894
46286
27520
36251
16698
38130
37533
36063
56229
49888
20579
36122
21958
29563
28166
53080
23248
20886
48647
47640
27347
41525
47169
41014
47491
17579
53714
28799
40596
48815
21730
16434
29660
29230
57108
17724
17699
17989
49180
22428
30914
56679
50560
25500
30931
29455
46358
35683
48754
22255
33680
27504
36748
36446
16357
49666
54055
30282
21381
33315
33690
41442
16985
34637
20663
23137
25614
54150
22122
24785
33149
34750
16185
43395
15992
29628
33146
17260
16757
32767
42969
33678
38994
44211
43527
21355
25770
29760
56031
48281
51899
50238
57336
55652
41655
25386
40420
28782
34759
16780
25938
44688
44903
37399
35229
20375
43788
20655
33140
54877
33610
19905
43096
39586
35109
29963
29662
23422
19932
49697
44600
28600
20259
47030
31672
36888
47937
57061
44059
33810
20893
48900
47184
24411
32188
55425
18700
27413
32627
15973
25098
37559
56269
49130
33665
49552
43357
33981
25010
53339
54721
39597
38604
55058
27380
48783
18006
17227
29775
18035
32182
34583
49269
28049
54573
23307
32562
39411
51253
18893
30091
40310
25221
29516
16723
48003
43485
49970
54754
52294
44652
56204
21546
29432
27818
44060
22013
38621
53598
21483
28363
17468
23581
40566
45710
33935
56507
40235
21823
38867
25325
38667
17289
22603
19052
20914
51482
35798
22148
54947
44990
36939
46735
49643
36752
57175
27464
22359
50316
32073
57264
41930
38904
19597
42838
44105
32509
56190
42865
55676
38219
28847
36237
27052
53227
48234
29861
37134
26935
24143
49619
26091
41935
56837
22901
48312
33566
46015
45090
48964
41097
49279
26981
40466
55497
39680
30551
25154
50943
56316
42633
30006
17753
28454
17643
37990
26496
26002
56953
17569
37188
35178
52886
56317
53509
43674
55989
16115
35684
36376
27357
19306
49448
21066
30713
56138
48943
44467
22411
30780
22724
40386
44484
19067
30728
23720
26434
26867
31770
39479
40426
35667
37660
53153
46927
27156
26775
54775
41292
37801
27232
51450
25777
48960
33367
53909
27505
47660
48841
37723
33636
20872
32602
53736
36129
34653
44737
37065
31684
31192
45776
29332
53038
49663
56040
51486
52821
24758
40928
45671
52644
21368
41801
53193
28656
35015
51915
16137
34311
33519
27083
45472
38580
52728
21912
24404
28319
42017
52338
30766
49455
42326
16845
26551
37021
29956
55857
35121
22491
34815
36660
44930
17718
40697
28902
40843
37324
53393
51770
49553
19606
23063
55203
32022
22782
32925
35483
25395
41089
42022
38725
30140
37859
55175
31071
53468
41121
37243
54054
21162
49572
50898
53799
30937
37779
39439
48608
50568
24689
24146
18129
55415
41730
30946
43017
57527
31981
48235
29836
40574
43959
16792
53209
32258
17897
44308
17821
35366
45617
54794
33244
45861
34163
56444
26909
30579
20045
16155
22852
24482
22244
23813
43595
20153
17207
28153
33655
27880
36011
34028
42809
52939
40929
24880
51334
53032
49562
41978
24439
44454
56616
30251
17841
45944
26422
38400
24145
40094
57315
22107
51400
51633
21337
35911
53368
40707
24231
50985
51664
19232
57316
38745
16775
22404
27298
53806
17226
25447
18818
25939
50407
20875
41892
29810
29958
54418
19744
26522
18909
52237
24659
22252
44134
32793
37561
37575
38764
30837
56986
34880
18899
16294
50946
36967
34576
23688
57007
47326
37163
53458
36486
36623
20200
50820
32290
26637
53006
45845
42327
42334
36346
29737
52013
51059
16816
38081
18417
20936
44857
53082
40521
45676
38274
27891
49337
54763
45611
39583
49821
18276
42922
48510
26482
29093
35435
20270
33817
49399
55816
39588
28402
53431
40927
46208
48789
57365
50848
32479
52734
37707
32883
18105
43088
57015
16946
28724
23602
54738
37571
42779
18189
21521
34524
18053
22690
30519
37095
16452
57073
53218
16774
31140
23794
45058
51898
39306
33253
55319
31623
47371
56667
33459
37769
21395
43940
34065
50945
44819
43747
39139
29076
23737
23946
30148
52650
48328
16157
52848
36275
49636
20081
40767
17694
46238
50817
33243
32842
31204
54175
24442
48479
29109
48781
41965
34137
44844
34729
22150
32936
21027
49737
33407
42786
18019
46825
52445
54603
20922
48393
16063
55335
49768
48502
57164
45089
41007
24222
47272
37795
43242
37142
33643
33261
43757
35325
48938
55590
17645
17961
29939
15978
27496
22740
51351
39880
48820
40524
23842
53012
40678
22322
34894
29105
19573
39110
56508
33469
16913
34810
51888
37708
49306
39436
17526
16908
39913
45496
42712
20850
45977
40749
22312
46147
44228
31362
41830
51119
48351
28252
56752
27353
49859
47229
56290
57283
39450
27348
40085
17779
28414
28795
40152
19040
33478
41889
31889
38744
46894
53312
41633
22011
36375
52918
51981
42368
31578
40777
25629
49988
53612
55295
54110
19160
40127
31229
34041
19587
56771
48698
38421
41817
35899
24296
18114
16973
46897
53609
57268
32821
24588
38052
35692
23827
55002
17826
17353
32277
42701
16865
54494
21129
27400
45569
23568
43707
41844
17191
49298
55284
57291
48028
37008
53569
50040
27436
16951
46510
45689
36662
31656
24945
49780
21898
18574
26275
31867
47250
18740
50323
42534
44659
39845
51751
56936
41074
27625
24276
43370
53382
33238
44239
18725
17676
47370
33836
48311
25910
51623
36917
26717
45325
57043
57456
22168
36699
40362
37763
35987
55031
52494
28909
42161
31121
24492
26470
27553
30267
31506
46494
35463
22843
38961
55076
30659
41748
31261
51038
46350
24297
19941
26780
55800
41282
34702
46176
22238
48263
33716
39605
53113
54315
17031
51991
52528
47696
17784
19562
21308
54751
40137
55698
17701
34571
24285
33706
35666
24672
32170
54504
38939
45291
30778
28246
18806
41291
20324
20025
44716
29226
39159
22918
52224
56828
34135
27663
31890
57060
19231
36998
49724
16544
36822
26472
26988
24982
22646
45061
48187
24706
43744
50941
28446
50485
42194
17274
41819
38466
16921
30325
55646
49671
45067
28417
40303
24187
47586
16770
54637
39545
38829
45074
41109
53491
45144
42643
38114
53730
48574
34010
19491
43089
52718
25675
54470
47387
51407
19553
28514
55012
31310
36330
29465
17660
21121
45852
27116
23464
30784
34390
53161
16042
54415
39710
35647
34208
26231
16891
23176
45695
46754
20975
45334
23779
47210
40354
46462
46603
24115
28213
50914
55370
45342
23710
44927
40336
32636
31402
48362
40464
48963
46035
42610
17520
35425
55306
36242
31679
31459
26517
36587
24417
46874
20442
33575
29561
50360
42562
36630
29274
32062
45778
36019
20602
31173
46321
55022
52348
49796
24488
45701
25595
24539
56690
49829
50297
18014
20230
52448
42899
18491
56035
31412
18161
54024
53432
29215
16716
21620
31235
24579
28175
56688
41447
52210
40890
53789
43578
35538
47150
22084
42669
41953
20378
20260
35367
33415
20295
29194
46054
36398
28181
33615
31126
18253
17104
53025
25115
23819
53137
16993
51956
25086
45117
30768
54911
20032
22409
37651
46081
37696
41001
26139
28334
16003
42236
32459
56488
27639
37576
35615
20453
25857
45449
24247
29840
21724
47355
21909
41337
54508
40084
25715
32668
37062
29868
17369
43156
24851
20171
53142
28170
21799
56628
17472
51242
40422
24434
55088
29863
23900
21755
32516
20674
34627
45001
17514
31730
22992
42650
23424
43449
22744
44281
42139
23613
17495
54615
39734
24715
16720
17577
31059
28463
17819
20404
57528
30855
27046
19699
18410
24774
26008
57232
41149
53034
26654
34830
40936
28952
31644
44752
39521
40675
29771
40233
55156
41445
23251
17845
19301
16914
25545
39702
25591
28920
37130
49521
24951
17544
35628
16266
20316
26327
53114
27515
30426
41659
21830
54262
49655
32590
49452
28839
44796
25701
22958
20565
19216
23311
17232
24806
54606
48928
29438
17352
28093
49623
50774
26252
52423
33437
54852
54027
46110
57091
46359
42247
33848
19296
20117
28584
46841
28372
18556
42488
41812
42178
42617
21130
30504
27255
18080
25330
37792
23123
28716
26921
52145
24322
35735
47017
39225
35008
36263
52545
35514
47919
29814
28096
41760
43585
24663
38596
48556
30945
17172
42874
41797
48717
20913
29172
43414
55627
46805
46670
57179
54234
31752
25087
54769
44592
26373
54634
36519
40509
55124
23007
45446
57318
20411
40204
37982
29358
27955
33753
37394
26233
50043
56726
20557
36500
37824
53711
35491
24350
22147
43154
37787
30712
32813
34661
26402
16876
25159
35063
16675
45428
18930
18753
45222
49861
42227
25619
35138
21621
30169
56399
19133
50287
51260
30662
48810
41218
54023
21979
26454
54527
35530
37722
28230
45217
43394
22873
24602
55871
27356
46210
44269
53570
38934
37416
56608
40099
33872
46633
26216
18809
57183
27300
32359
47007
21352
17479
20791
23216
18791
21796
48210
25343
23483
43052
56080
52911
35896
31473
39727
40824
21010
30515
40048
43846
48266
49199
45383
37073
51589
33364
39508
56036
36910
19526
53585
38959
32756
30074
53694
17658
51509
30576
29388
39456
23621
51795
44703
26800
26271
29639
41761
22315
54891
35077
30617
44613
36916
41031
19307
31374
22620
31757
29050
50257
22390
16526
33965
30014
44238
53231
27633
25331
36658
45626
27651
26375
28152
17118
49355
54788
36442
30740
28244
35215
56467
44127
53802
53031
32011
54119
17506
21147
24084
43197
53761
47782
52716
24984
15979
35103
40978
34101
32075
50465
47534
47721
28359
36962
55694
43111
36779
23038
26716
43140
19150
37627
52602
52280
25742
49085
18598
25847
26970
43834
44291
56451
19246
30124
37730
16875
55561
54302
43715
21261
38249
33445
30527
44656
45731
16869
36791
47211
29535
56558
24723
29055
29259
28442
50893
27914
20177
52033
34718
38048
47095
50484
16706
20246
26525
44681
26030
17906
52381
32741
33212
26946
46475
56945
28272
49411
35526
54698
29035
25747
55585
16803
36030
27902
49866
56922
24323
48746
33576
24518
18439
54341
25819
46939
16880
20431
23071
51123
46941
28086
21300
44218
51732
24448
48909
44391
52646
48675
32415
53901
45210
54650
39378
37223
46719
39514
45091
30109
48573
49299
43073
24624
49147
47648
56822
28289
54147
25654
36066
54391
30505
47076
37300
54518
17307
22283
18314
56723
35356
20657
46579
47981
30001
22301
28574
53944
53220
19705
40202
32735
56200
45460
27841
18588
51441
52612
56944
34568
23643
48871
57003
20634
37091
39265
57216
54117
50218
46450
49645
21555
48044
42747
19286
36723
29483
36417
28067
19804
32832
52163
44322
36353
39387
53804
26501
51181
30008
43337
41919
22068
34708
28326
50489
21384
57384
41670
42058
32766
22815
26367
26710
25430
49925
19948
32400
16848
54759
45582
40026
40472
45244
47816
36333
42676
20605
23623
32294
43314
27124
38294
49524
23165
50445
50770
26011
54461
56357
38025
18907
23793
41386
55933
24853
32021
22721
54231
44240
25217
23807
51356
35016
36913
49071
50169
44779
33066
33824
18399
56033
40587
42547
18098
44893
29387
33462
49063
34142
18618
31569
41413
21199
37866
54725
43649
22397
27455
38638
52878
32759
53206
52347
17715
27808
24779
47631
51548
43964
26167
24976
16933
37326
37600
26331
17178
17744
16688
35030
47179
33173
41130
44871
48520
53772
34533
46890
32879
38199
21310
31397
52122
57096
22256
36336
33583
51546
48749
45279
19880
42081
47060
16067
29901
26740
42475
17893
54473
26628
38590
24949
25601
22186
25172
56275
28162
31375
36261
20927
38437
41937
40142
34174
56532
47145
41370
18999
45193
23881
39959
46293
35254
51281
55599
32297
19032
23914
26804
55498
27757
18009
42054
48449
17546
52944
45957
43291
35486
36971
45311
53576
23277
16074
30204
38454
38704
56544
35176
45882
54264
38593
34378
35382
19660
47754
35805
51076
19500
23045
31174
33345
54839
46503
53634
23510
28547
29217
51056
24789
54063
49571
37250
50812
37939
48577
31080
33258
36117
23113
26578
24475
41176
27563
40417
20952
19875
40468
50677
18322
19310
16540
26384
22712
45261
47815
19627
33283
38509
30292
16099
26611
21523
31657
48794
29165
37368
35510
28370
51014
19859
50460
56748
41785
42129
30193
38117
19756
23096
45488
27654
34580
22557
25926
47906
31598
20364
42716
56344
44334
47221
32342
57075
26841
19952
52074
20719
36218
41194
51189
34867
29828
18335
30683
41343
17446
51421
42652
42762
48847
53829
43712
23401
29859
27101
41938
17070
52695
56197
44320
52062
25351
42725
43896
22112
56026
46925
37844
49384
26878
45921
25575
16019
49308
24575
54945
43218
50513
35276
55437
49753
54258
48736
20537
52743
33632
54611
36162
51747
22981
20415
29912
21762
45895
49249
45714
37615
30600
20086
27716
23108
28702
22294
53351
53871
39043
55160
45942
22863
21386
42176
22437
48757
37470
55687
40800
30335
30121
47309
46471
38336
18267
40410
40076
38402
33642
39903
16363
20147
22844
35808
43693
51890
41226
17664
51833
20824
47777
38272
38006
39558
33578
48343
31259
48387
23849
53561
53752
33318
41431
16450
34306
56105
47461
23863
53130
31857
23058
41054
40374
40141
50138
39879
33431
41738
20044
27401
46635
32508
42332
23921
44082
52619
55883
41275
46390
20244
38382
54787
22875
28523
44598
32889
24556
51272
25841
31561
40576
54226
37842
34902
17210
39420
41052
21890
45265
21427
23582
19024
31956
30514
43207
21782
24784
42668
55456
48346
46683
55568
22865
35013
45474
17993
38234
55132
30525
46482
36363
16052
18124
22861
47287
52745
29087
40965
22017
21634
23041
46889
18813
48806
39496
30365
40110
52522
41694
47838
46367
32448
18093
38068
39499
24635
17470
21294
45503
18271
22368
57498
23847
18495
23947
27147
46309
22759
43244
43716
29052
53688
39402
19527
20550
39437
48073
46157
23495
27503
37675
54020
38592
37619
50153
17887
31911
24321
44788
25916
21868
48355
48001
34297
32626
48256
45038
35890
23114
24230
45795
55342
16147
41592
30343
53291
26625
42004
40570
37502
23533
45545
35480
24658
30210
29732
38762
56911
20961
47283
50755
16941
20516
44264
27107
22270
35887
23030
21263
29755
20444
50403
31611
53860
24216
24011
40588
33468
40188
22957
23233
20694
32031
29342
51402
31208
52532
21105
25786
17556
27916
19844
56166
24720
49349
18602
35919
49121
19803
47358
33747
23830
19196
53820
50700
42671
43618
19077
33755
16265
39715
31590
45798
45063
19596
47908
31260
49803
40277
44113
32178
55113
29574
44088
53385
30293
28813
31072
54838
49059
29352
20562
57180
16779
27397
27715
30113
31367
24304
52046
21449
49367
27237
53156
25898
57444
39124
33975
31346
25392
17619
44473
26053
19129
18969
39239
57347
48662
34504
53574
50266
37387
27186
52736
37176
56908
43118
17065
35978
27164
36992
56073
48562
21382
24953
18688
57145
54015
35515
43958
20084
27788
16203
56983
27355
26316
40581
39107
48186
35205
20828
24614
50308
28110
25605
40802
17310
39414
23303
47737
47893
28090
54086
38555
50917
21753
38545
41480
40684
51927
26778
48180
21146
53624
16731
55180
43694
38717
23697
16425
48952
23067
42158
45586
55550
38051
43068
17390
18201
38481
39399
41788
56874
55917
16426
33699
57054
25924
51012
56613
23800
18180
47214
38055
25585
56013
38125
27774
52209
56095
38211
30298
29346
35183
31340
39774
46019
53974
23201
51225
19107
42101
47644
28829
41477
22517
18450
21887
47748
21586
28286
32085
28991
19185
32458
32270
43749
55471
38018
16479
31294
20971
41182
56981
50159
42904
46074
36619
56625
18318
25340
16542
21106
46949
23016
37531
41857
32603
52529
32937
18099
22947
42100
18493
45783
27516
34827
50980
20608
35267
21913
31908
44833
36182
39616
33958
33592
22020
28962
53681
37141
35195
51386
31747
29679
38008
35617
40040
47159
32998
45745
28582
23169
17176
50255
41806
34684
37551
40615
32474
37617
17905
18787
37918
22679
49791
30976
48231
49405
23481
26646
45283
38512
32421
34939
33461
23966
35339
38969
33845
27089
44622
29073
38888
19727
55524
30940
33093
47503
51668
27276
25179
30547
36289
37979
54093
35490
32607
22377
45169
17688
18330
31342
17187
55363
53680
21438
23316
40351
36180
23273
17682
42580
23778
47423
23650
52804
17708
53997
17023
25327
45078
31147
57172
23087
24274
33282
34031
33274
38724
45805
33249
37813
51148
29082
36780
56987
27340
36443
53266
28281
47817
50765
50508
23320
39150
40628
48408
19608
16055
54067
25867
41684
26849
23211
30261
47913
52569
57217
56826
53912
44503
31952
30912
26128
37802
47299
45077
33816
55567
31249
55546
38715
45565
38686
44205
28606
42848
26872
33114
45541
17815
55935
19554
34103
17334
54715
29284
22043
48808
50693
17125
36963
22440
43494
36043
36397
35228
16566
51845
27358
54989
42707
15993
32695
25070
24427
23832
22605
40367
31654
53058
31309
22814
54837
28631
35351
39893
40458
26048
53811
35940
45462
56626
36882
31642
46177
20247
30916
54770
53735
37020
42824
47135
53066
17132
28751
47697
31077
36616
46536
25661
47781
20858
39965
54709
32683
25317
16215
28340
37167
46414
43200
34404
20004
53779
38306
49972
36047
32118
47067
26108
30739
43892
49278
26537
18942
54043
16404
29502
16100
52653
57397
34921
21241
31925
47474
45528
39055
23215
36618
56425
57023
24449
16528
51240
49911
34268
38588
47323
45940
49262
16823
39240
24361
49138
50827
37964
38064
42654
32705
17511
27811
24797
26658
43902
38198
32560
43060
31552
51265
30323
32358
49642
47813
18235
52049
43738
24703
16291
23907
48271
56601
38394
39364
27739
47066
56493
26835
49124
40857
55566
48935
49393
37109
50401
25809
52877
56207
39523
48302
36335
28383
41433
47241
41060
40630
55200
27549
26907
49918
52994
34635
32582
16644
53321
21611
35252
37113
19917
36898
56531
53410
47254
34458
46343
40175
49258
26521
55452
31167
48501
15982
40814
35247
41556
27264
52496
24805
25708
25295
22654
32446
53429
43710
27036
52789
35873
54304
20896
38338
57125
41894
25112
37969
21788
47202
41427
23852
46840
16471
35711
49284
33714
34671
29127
52304
37972
17211
38705
33256
26736
16520
54977
42991
48146
26235
56215
41848
28433
28972
18663
28598
27794
17440
20749
45469
26773
53275
34961
51763
43224
45691
20559
35329
24697
37546
35584
31119
44859
57345
23930
38839
56576
49100
32826
45398
16686
20857
43175
56320
16242
28872
29513
33229
36104
48494
16038
47340
46283
16634
46418
43254
24802
19037
18054
37900
39598
30706
51317
44376
28490
56654
35699
43216
46514
41301
45012
40631
33569
56692
31961
47714
47718
40793
16805
27847
22226
32831
24763
16376
57469
51369
26071
32802
27142
49856
52511
29663
43190
50391
22549
29245
19187
25354
26195
18812
40442
41833
42908
23522
55445
49287
47946
37869
45751
19456
37656
20142
51049
24193
40549
29453
44116
16818
25144
24021
40670
44017
46228
45941
53394
35334
16952
29144
20062
16990
29204
17167
21254
28943
31489
31086
24137
47124
30410
37334
37938
51138
53185
19014
20576
33682
56988
37689
55600
30187
47853
23529
26599
23572
29454
49267
32928
51521
34005
36226
42943
53768
34482
17836
51860
34590
52669
38386
17048
25687
55197
19278
23185
25176
40476
24026
17976
